%YAML:1.0
mtx: !!opencv-matrix
   rows: 3
   cols: 3
   dt: d
   data: [ 1.4635632477020968e+03, 0., 9.5605136817487528e+02, 0.,
       1.4631806802384763e+03, 5.3676454714878082e+02, 0., 0., 1. ]
dist: !!opencv-matrix
   rows: 1
   cols: 5
   dt: d
   data: [ -1.7529902215795163e-02, 2.1620453980663254e-01,
       -1.8713696315368020e-04, 1.2071001876437007e-03,
       -4.3770563182793087e-01 ]
