%YAML:1.0
mtx: !!opencv-matrix
   rows: 3
   cols: 3
   dt: d
   data: [ 1.4491768090835547e+04, 0., 1.0563903460755389e+03, 0.,
       1.4630789239344729e+04, 4.9064404078726960e+02, 0., 0., 1. ]
dist: !!opencv-matrix
   rows: 1
   cols: 5
   dt: d
   data: [ -2.1099946170324610e-02, -6.3521469878354422e+00,
       3.3568515665135801e-02, -2.3586822894881815e-02,
       -1.2948510808514027e+02 ]
