%YAML:1.0
mtx: !!opencv-matrix
   rows: 3
   cols: 3
   dt: d
   data: [ 1.1694185742408172e+04, 0., 8.6202625811201870e+02, 0.,
       1.1596702294988483e+04, 3.2670255897896891e+02, 0., 0., 1. ]
dist: !!opencv-matrix
   rows: 1
   cols: 5
   dt: d
   data: [ 4.5737839576707635e-02, 2.8671468241024400e+00,
       -1.0414030874671069e-02, -2.2918659266249482e-02,
       -3.0147740481483112e+01 ]
