%YAML:1.0
mtx: !!opencv-matrix
   rows: 3
   cols: 3
   dt: d
   data: [ 1.8006555948354686e+04, 0., 2.0627474613063168e+03, 0.,
       1.7933893880457865e+04, 1.3714364275341268e+03, 0., 0., 1. ]
dist: !!opencv-matrix
   rows: 1
   cols: 5
   dt: d
   data: [ -1.9670854408750726e+00, 2.4191443771412571e+02,
       1.8821083103608346e-02, 1.5469645573907996e-02,
       -1.6098678624744846e+03 ]
