%YAML:1.0
mtx: !!opencv-matrix
   rows: 3
   cols: 3
   dt: d
   data: [ 2.7576340594474423e+03, 0., 2.0274265811114335e+03, 0.,
       2.7500604955737917e+03, 1.4247872058455880e+03, 0., 0., 1. ]
dist: !!opencv-matrix
   rows: 1
   cols: 5
   dt: d
   data: [ -7.2210165522220218e-02, 2.9375452402689678e-01,
       3.1192207919569100e-03, 1.0256764434225631e-03,
       -3.1531068772147530e-01 ]
